"2021 super output area - middle layer","mnemonic","Total: All households","No cars or vans in household","1 car or van in household","2 cars or vans in household","3 or more cars or vans in household"
"Leeds 001","E02002330",100.0,9.2,38.8,41.3,10.7
"Leeds 002","E02002331",100.0,20.7,43.6,28.3,7.3
"Leeds 003","E02002332",100.0,16.9,43.5,31.0,8.6
"Leeds 004","E02002333",100.0,20.7,46.0,26.4,6.9
"Leeds 005","E02002334",100.0,12.6,37.7,38.3,11.4
"Leeds 006","E02002335",100.0,7.2,31.8,46.3,14.7
"Leeds 007","E02002336",100.0,7.5,35.1,42.6,14.8
"Leeds 008","E02002337",100.0,9.4,42.4,37.5,10.6
"Leeds 009","E02002338",100.0,17.7,46.0,29.6,6.7
"Leeds 010","E02002339",100.0,25.7,45.3,22.7,6.3
"Leeds 011","E02002340",100.0,19.9,45.2,27.1,7.7
"Leeds 012","E02002341",100.0,8.9,41.4,37.6,12.1
"Leeds 013","E02002342",100.0,19.6,43.5,29.8,7.1
"Leeds 014","E02002343",100.0,11.6,44.0,35.8,8.6
"Leeds 015","E02002344",100.0,15.7,45.3,31.4,7.6
"Leeds 016","E02002345",100.0,9.8,41.2,39.3,9.6
"Leeds 017","E02002346",100.0,25.8,45.5,23.8,4.9
"Leeds 018","E02002347",100.0,31.0,43.6,21.2,4.3
"Leeds 019","E02002348",100.0,23.2,45.0,25.9,6.0
"Leeds 020","E02002349",100.0,17.8,42.6,32.3,7.3
"Leeds 021","E02002350",100.0,13.3,42.0,35.5,9.1
"Leeds 022","E02002351",100.0,9.3,36.9,40.4,13.4
"Leeds 023","E02002352",100.0,17.3,44.6,31.1,7.1
"Leeds 024","E02002353",100.0,13.9,43.1,34.1,8.9
"Leeds 025","E02002354",100.0,22.3,44.0,26.8,6.9
"Leeds 027","E02002356",100.0,13.3,42.1,36.8,7.8
"Leeds 028","E02002357",100.0,21.6,49.6,24.0,4.8
"Leeds 029","E02002358",100.0,23.9,42.3,27.2,6.5
"Leeds 030","E02002359",100.0,11.3,39.5,37.7,11.5
"Leeds 031","E02002360",100.0,22.4,47.3,25.5,4.8
"Leeds 032","E02002361",100.0,22.5,44.7,27.0,5.8
"Leeds 033","E02002362",100.0,34.8,44.4,16.7,4.1
"Leeds 034","E02002363",100.0,21.4,50.2,24.3,4.1
"Leeds 035","E02002364",100.0,46.8,37.2,12.7,3.4
"Leeds 037","E02002366",100.0,18.9,42.9,29.1,9.2
"Leeds 038","E02002367",100.0,41.3,42.0,14.4,2.3
"Leeds 039","E02002368",100.0,13.8,43.8,34.6,7.9
"Leeds 040","E02002369",100.0,35.3,41.6,18.6,4.6
"Leeds 041","E02002370",100.0,36.1,42.3,17.8,3.9
"Leeds 042","E02002371",100.0,41.4,42.2,12.5,3.9
"Leeds 044","E02002373",100.0,34.8,35.3,18.3,11.6
"Leeds 045","E02002374",100.0,36.2,44.4,15.6,3.9
"Leeds 046","E02002375",100.0,37.5,42.4,16.6,3.5
"Leeds 047","E02002376",100.0,36.0,41.2,17.5,5.2
"Leeds 048","E02002377",100.0,48.0,35.8,12.0,4.2
"Leeds 050","E02002379",100.0,39.0,42.1,15.5,3.4
"Leeds 051","E02002380",100.0,26.4,43.3,24.2,6.1
"Leeds 052","E02002381",100.0,25.0,47.8,22.2,5.0
"Leeds 053","E02002382",100.0,57.1,32.0,8.9,2.0
"Leeds 054","E02002383",100.0,43.2,30.4,16.2,10.1
"Leeds 055","E02002384",100.0,60.4,31.8,6.5,1.3
"Leeds 056","E02002385",100.0,45.8,37.0,13.4,3.8
"Leeds 057","E02002386",100.0,21.2,45.8,27.0,6.0
"Leeds 058","E02002387",100.0,40.1,41.9,13.8,4.3
"Leeds 059","E02002388",100.0,34.8,43.0,18.2,4.0
"Leeds 060","E02002389",100.0,40.9,43.4,13.1,2.6
"Leeds 061","E02002390",100.0,27.1,46.0,21.1,5.8
"Leeds 062","E02002391",100.0,22.4,47.1,25.7,4.8
"Leeds 063","E02002392",100.0,60.9,28.1,7.3,3.7
"Leeds 064","E02002393",100.0,58.9,35.7,4.6,0.9
"Leeds 065","E02002394",100.0,58.4,33.6,6.7,1.3
"Leeds 066","E02002395",100.0,15.4,44.4,29.9,10.2
"Leeds 067","E02002396",100.0,33.8,42.7,18.9,4.6
"Leeds 068","E02002397",100.0,27.7,43.7,23.1,5.4
"Leeds 069","E02002398",100.0,20.2,44.4,27.7,7.7
"Leeds 070","E02002399",100.0,39.4,44.3,14.0,2.3
"Leeds 071","E02002400",100.0,52.1,37.2,8.5,2.2
"Leeds 072","E02002401",100.0,41.9,39.7,15.1,3.2
"Leeds 073","E02002402",100.0,12.6,46.3,32.1,9.0
"Leeds 074","E02002403",100.0,22.9,44.9,25.3,6.8
"Leeds 075","E02002404",100.0,53.0,39.2,6.7,1.1
"Leeds 076","E02002405",100.0,18.7,44.9,29.3,7.2
"Leeds 077","E02002406",100.0,12.3,42.7,35.5,9.5
"Leeds 078","E02002407",100.0,45.4,38.6,12.8,3.1
"Leeds 079","E02002408",100.0,23.5,44.6,26.5,5.4
"Leeds 080","E02002409",100.0,27.7,42.2,22.6,7.5
"Leeds 081","E02002410",100.0,30.7,44.2,20.1,5.1
"Leeds 082","E02002411",100.0,55.0,35.7,7.7,1.6
"Leeds 083","E02002412",100.0,22.0,46.1,25.7,6.2
"Leeds 085","E02002414",100.0,52.5,37.5,8.6,1.3
"Leeds 086","E02002415",100.0,56.8,31.7,7.9,3.6
"Leeds 087","E02002416",100.0,17.2,44.6,29.2,9.0
"Leeds 088","E02002417",100.0,14.5,43.7,31.9,9.9
"Leeds 089","E02002418",100.0,16.4,43.4,31.9,8.4
"Leeds 090","E02002419",100.0,41.0,42.8,13.3,2.9
"Leeds 091","E02002420",100.0,32.9,45.0,17.5,4.6
"Leeds 092","E02002421",100.0,46.8,37.2,13.1,2.9
"Leeds 093","E02002422",100.0,16.5,46.7,29.9,6.9
"Leeds 094","E02002423",100.0,36.4,41.0,18.4,4.3
"Leeds 095","E02002424",100.0,20.4,45.1,27.7,6.8
"Leeds 096","E02002425",100.0,15.7,43.7,31.3,9.3
"Leeds 097","E02002426",100.0,16.0,43.7,31.3,9.0
"Leeds 098","E02002427",100.0,24.3,42.7,27.1,5.9
"Leeds 099","E02002428",100.0,26.7,44.5,23.0,5.8
"Leeds 100","E02002429",100.0,16.8,42.3,32.5,8.3
"Leeds 101","E02002430",100.0,41.2,41.0,14.6,3.2
"Leeds 102","E02002431",100.0,24.9,46.3,24.1,4.7
"Leeds 103","E02002432",100.0,14.9,41.8,33.0,10.3
"Leeds 104","E02002433",100.0,35.0,43.2,17.7,4.1
"Leeds 105","E02002434",100.0,13.2,43.9,34.8,8.1
"Leeds 106","E02002435",100.0,16.9,46.0,29.3,7.9
"Leeds 107","E02002436",100.0,19.2,41.5,30.4,8.9
"Leeds 108","E02002437",100.0,8.7,37.4,39.8,14.2
"Leeds 109","E02006852",100.0,21.8,44.6,26.4,7.2
"Leeds 110","E02006861",100.0,43.4,34.9,14.2,7.5
"Leeds 111","E02006875",100.0,66.9,28.6,4.0,0.4
"Leeds 112","E02006876",100.0,46.7,39.6,12.1,1.6
